cam0:
  T_cam_imu:
    [0.9996855298467904, 0.02475799171835296, -0.003985380912338028, 0.10679785430332656,
    0.02474712478225566, -0.9996899514841338, -0.0027533101282728764, -0.02492576516067522,
    -0.004052311680254833, 0.0026538175756725554, -0.9999882679423402, -0.01648102027488653,
    0.0, 0.0, 0.0, 1.0]
  cam_overlaps: [1]
  camera_model: pinhole
  distortion_coeffs: [-0.015318336021414854, -0.0050649041274775965, 0.004834036979979087,
    -0.003023972409988932]
  distortion_model: equidistant
  intrinsics: [609.0550353771649, 609.1898041585532, 483.1387102445271, 406.1843163118898]
  resolution: [960, 800]
  rostopic: /sync/cam0/image_raw
  timeshift_cam_imu: 0.005223067344191931

  cam_width: 960
  cam_height: 800
  cam_fx: 609.0550353771649
  cam_fy: 609.1898041585532
  cam_cx: 483.1387102445271
  cam_cy: 406.1843163118898
  cam_d0: -0.015318336021414854
  cam_d1: -0.0050649041274775965
  cam_d2: 0.004834036979979087
  cam_d3: -0.003023972409988932

cam1:
  T_cam_imu:
    [0.9997029675132488, 0.02335073922097178, -0.0069799515068830875, -0.09320759613302675,
    0.02328338934575924, -0.9996830090885126, -0.009579411271613377, -0.024814360877552545,
    -0.007201425260186665, 0.00941404894671248, -0.9999297551111532, -0.01616299193664053,
    0.0, 0.0, 0.0, 1.0]
  T_cn_cnm1:
    [0.9999945259416451, 0.0014154926944884617, 0.002990730207799751, -0.19992029329498576,
    -0.0014358986424137991, 0.9999756308867778, 0.0068319709951859256, 0.00037674561082527583,
    -0.0029809867213240575, -0.006836227982023226, 0.9999721894658594, 0.00046553476454834475,
    0.0, 0.0, 0.0, 1.0]
  cam_overlaps: [0]
  camera_model: pinhole
  distortion_coeffs: [-0.018183090009757107, 0.003597385086631887, -0.008083509266997378,
    0.00377806962792701]
  distortion_model: equidistant
  intrinsics: [607.358766032909, 607.4792206477856, 474.2951133370861, 396.43798067906243]
  resolution: [960, 800]
  rostopic: /sync/cam1/image_raw
  timeshift_cam_imu: 0.005208570839803841

  cam_width: 960
  cam_height: 800
  cam_fx: 607.358766032909
  cam_fy: 607.4792206477856
  cam_cx: 474.2951133370861
  cam_cy: 396.43798067906243
  cam_d0: -0.018183090009757107
  cam_d1: 0.003597385086631887
  cam_d2: -0.008083509266997378
  cam_d3: 0.00377806962792701

T_imu_body:
  [1.0000, 0.0000, 0.0000, 0.0000,
  0.0000, 1.0000, 0.0000, 0.0000,
  0.0000, 0.0000, 1.0000, 0.0000,
  0.0000, 0.0000, 0.0000, 1.0000]

stereo_transform:
  r1: 0.9999945259416451
  r2: 0.0014154926944884617
  r3: 0.002990730207799751
  r4: -0.0014358986424137991
  r5: 0.9999756308867778
  r6: 0.0068319709951859256
  r7: -0.0029809867213240575
  r8: -0.006836227982023226
  r9: 0.9999721894658594
  t1: -0.19992029329498576
  t2: 0.00037674561082527583
  t3: 0.00046553476454834475
