cam0:
  T_cam_imu:
  - [-0.005155456338824527, 0.9999748826347417, -0.004863678605086685, 0.03597413041173048]
  - [-0.2543152912008076, 0.0033927123790289393, 0.9671154130527349, 0.01062278807725651]
  - [0.9671076227242692, 0.006222829127357388, 0.2542914124902074, 0.015462353363674144]
  - [0.0, 0.0, 0.0, 1.0]
  cam_overlaps: [1]
  camera_model: pinhole
  distortion_coeffs: [0.004522918707512027, -0.033564120234192224, -0.0012242044114519316,
    -0.00033409364469927204]
  distortion_model: radtan
  intrinsics: [435.4124179305335, 435.3451161088124, 319.25254818786357, 237.91707536070328]
  resolution: [640, 480]
  rostopic: /stereo/left/image_raw
cam1:
  T_cam_imu:
  - [-0.016063970980312703, 0.9997271819625495, 0.016956134039437964, -0.04378292298053427]
  - [-0.2400983587467463, -0.020319013119486196, 0.9705358910586301, 0.011397890628015946]
  - [0.9706156432715591, 0.011519520435758879, 0.24035925962081783, 0.015083973751222331]
  - [0.0, 0.0, 0.0, 1.0]
  T_cn_cnm1:
  - [0.9997024193644236, 0.023875638818924197, -0.005002658083692363, -0.07992262117200745]
  - [-0.023801060802680192, 0.9996119666178435, 0.014471547915497696, 0.0014116828248093407]
  - [0.005346234336537564, -0.014348172893846278, 0.9998827669847217, -0.000416475445430829]
  - [0.0, 0.0, 0.0, 1.0]
  cam_overlaps: [0]
  camera_model: pinhole
  distortion_coeffs: [0.009317568202646377, -0.02787947776093713, 0.0008735807731047128,
    0.0002589624082387767]
  distortion_model: radtan
  intrinsics: [438.69142613312727, 438.6569481914668, 326.31218720268186, 240.7445560967416]
  resolution: [640, 480]
  rostopic: /stereo/right/image_raw
